4
1 Kolam 600 2 0 0 0 0 1 1 300 1 100 40 2
    2 Aquarium 1800 2 1 2 1 2 1 1 600 2 300 30 2
        7 Seaworld 7200 1 2 1 2 1 1 1 1200 3 1000 20 0
        8 Pemancingan 3600 3 2 3 2 3 1 1 600 2 40 3 0
    9 Niagara 3600 2 3 1 1 1 1 1 300 3 400 80 0
3 IstanaBoneka 1200 0 2 2 0 0 1 1 150 2 200 1000 1
    4 EscapeRoom 1800 1 2 3 4 5 1 1 900 1 400 50 1
        10 RumahHantu 3600 2 3 4 3 2 1 1 900 3 800 40 0
11 Perosotan 60 0 1 0 0 0 1 1 60 1 100 30 2
    12 RollerCoaster 900 0 1 1 1 0 1 1 300 4 400 20 0
    5 KoraKora 1800 1 0 0 0 1 1 1 600 4 300 30 0
6 BakPasir 120 0 0 0 2 1 1 1 600 2 100 0 0.

2
1 tes1 2 1 2 0 2 2 4 5 6 7 8 0 3
    2 tes2 3 3 0 1 2 3 5 6 7 8 9 0 3
        7 tes7 7 3 2 3 2 1 4 5 6 7 8 0 0
        8 tes8 8 3 2 1 2 3 4 5 6 7 8 0 0
        9 tes9 9 3 2 4 2 3 4 5 6 7 8 0 0
    3 tes3 4 2 1 2 1 2 6 7 8 9 10 0 0
    4 tes4 5 4 4 4 2 1 7 8 9 10 11 0 3
        10 tes10 10 3 2 1 2 3 4 5 6 7 8 0 0
        11 tes11 11 2 2 3 0 3 4 5 6 7 8 0 0
        12 tes12 12 1 3 2 3 4 4 5 6 7 8 0 0
5 tes5 6 5 6 5 6 5 8 9 10 11 12 0 1
    6 tes6 7 6 5 4 5 6 9 10 11 12 13 0 0.